1 14 14
5.759661 0.760400 19.076085
1.520800 1.636200 3.860000
721.530000 0.000000 609.550000 0.000000 721.530000 172.850000 0.000000 0.000000 1.000000
795.540050 221.825287
910.043196 211.401862
908.308300 211.401862
795.540050 221.825287
762.577023 210.175577
887.489546 168.481879
762.577023 210.788720
911.778092 211.401862
831.972869 190.555013
797.274946 189.941871
837.177558 172.160735
825.033285 172.160735
887.489546 168.481879
887.489546 168.481879
0.552828
0.041038
0.481586
0.083301
0.422778
0.009969
0.057067
0.057113
0.630194
0.064962
0.501484
0.103136
0.653807
0.097803
4.525837 1.412200 18.265467
4.383636 1.412400 19.823889
6.985283 1.309700 18.521134
6.851390 1.296100 19.953223
3.812889 0.862600 18.421783
3.698062 0.863000 19.560676
7.628445 0.664400 18.770925
7.533202 0.659000 19.817528
5.256578 0.397800 18.279066
5.109308 0.395600 19.908809
5.481728 -0.089000 18.594560
5.391876 -0.088700 19.626828
6.687139 -0.107400 18.727633
6.614995 -0.108400 19.688529
-0.076578 0.218373 -0.157540 -0.101323 0.222476 0.171421 -0.063578 -0.199768 -0.136122 -0.083580 -0.195187 0.155398 -0.005318 0.338475 -0.108929 -0.023643 0.343590 0.133579 0.019084 -0.310159 -0.086042 0.004060 -0.307142 0.121627 0.060986 0.089988 -0.153466 0.035727 0.094109 0.185748 0.121224 0.049274 -0.086749 0.105029 0.051306 0.127930 0.121903 -0.146814 -0.077305 0.107094 -0.146889 0.120945
-0.014483 -0.065454 -0.099692 -0.021575 -0.045426 0.086218 0.013162 -0.027648 0.174795 0.041982 0.034519 -0.194687 0.049719 0.314357 -0.331612 -0.001493 0.313363 0.323023 -0.030765 0.202303 0.228571 -0.001179 0.230444 -0.219190 0.041607 -0.240761 -0.079211 0.029235 -0.239921 0.071524 0.003405 -0.244503 -0.073787 -0.008106 -0.247034 0.059455 -0.102632 -0.014541 0.066642 -0.094220 -0.013529 -0.102827
-0.110410 0.070979 0.137004 -0.088477 0.121961 -0.178587 -0.075545 0.074285 0.024077 -0.076231 0.054118 -0.058480 -0.000972 0.056095 0.119293 0.014965 0.039598 -0.095114 -0.003546 0.310210 -0.050289 -0.011944 0.288766 0.026620 0.005827 0.071623 0.121772 0.017371 0.095147 -0.104917 0.085745 -0.045424 0.007984 0.078556 -0.035048 0.044994 0.104647 -0.538018 -0.024648 0.093312 -0.548985 0.061990
0.199662 0.022644 0.319311 0.244108 -0.000371 -0.221502 0.171382 -0.007481 -0.217871 0.135710 0.027120 0.272089 -0.027146 0.155292 -0.104864 -0.040133 0.111854 0.083619 0.084144 0.040747 -0.372105 0.052721 0.048094 0.332097 -0.097365 -0.007384 -0.034901 -0.089868 -0.001164 0.008777 -0.193339 -0.229368 -0.128145 -0.202161 -0.181117 0.018061 -0.170117 -0.038634 -0.055343 -0.161796 0.016464 0.011090
0.051333 -0.362282 0.113338 0.074444 -0.359107 -0.067481 0.016751 -0.077322 0.084275 0.021803 0.046584 -0.100963 0.027757 0.092178 -0.174875 -0.004118 0.095555 0.202457 0.017585 -0.110770 -0.031746 0.015627 -0.062289 0.040763 0.028968 0.262228 -0.068933 0.020660 0.230184 0.077825 -0.033525 0.324946 0.056527 -0.023232 0.278465 -0.080246 -0.105808 -0.167472 0.291129 -0.067769 -0.172290 -0.303532
0.250000 0.270000 0.010000 -0.080000 -0.050000
0.994140 0.000061 -0.108096 -0.000062 1.000000
-0.000000 0.108096 0.000007 0.994140 -1.883270 0.046560 -0.883813 