0.7156722713053045 -1.2911908916108816 -0.6518391521197007 ;
-0.8490083124205027 -1.316034040734938 -0.6519684425300385 ;
0.6454465605555365 1.1805478208232447 -0.5493118567218317 ;
-0.7927321221080135 1.1545020296254096 -0.5356932668329177 ;
0.5062888445804257 -1.990406993305797 -0.10218252097030152 ;
-0.6379936917735226 -2.0193734866828086 -0.10261348900476082 ;
0.4446128399051188 1.8406265133171913 0.09597658127408751 ;
-0.6061854102925506 1.8242018587095858 0.10136368170482883 ;
0.7570146000206264 -0.5614964036462043 0.3625734073906144 ;
-0.8791853999793737 -0.586030301951289 0.36477134436635683 ;
0.459293585204029 -0.31330544082039596 0.8493518023124008 ;
-0.5767676716284507 -0.3254349451645065 0.8490501246882792 ;
0.41705128742823755 0.8986828799316338 0.867840330990705 ;
-0.5465343360033003 0.8988890471442815 0.8688315574699614 ;